"N" "k" "p" "BiasMtoM" "BiasMtoA" "BiasAtoM" "BiasAtoA" "stdMtoM" "stdMtoA" "stdAtoM" "stdAtoA"
30 2 1 0.620350520453677 1.40112399527239 1.02672696143015 0.561104687893006 0.359902669338552 1.08747496158855 0.542717498017828 0.522084003470556
50 2 1 0.53113402111474 1.13990408622665 0.856490326992675 0.338037750220806 0.29295025061599 0.705325258631569 0.417734334583563 0.206561031357383
100 2 1 0.506851205325798 1.08093575567824 0.8378800446349 0.251891211581602 0.385678016229532 0.598457892103919 0.501619400892266 0.164353609286379
250 2 1 0.447142619425869 1.04761919234411 0.843052545093286 0.145181509356145 0.345140625815481 0.502875578701134 0.466326937647635 0.0842407018838287
500 2 1 0.459671497130219 0.969926158605026 0.774331557382902 0.10552561391201 0.344442720318324 0.505347400039722 0.432335130091691 0.0808810438907964
1000 2 1 0.495344140375394 0.994150868921048 0.781494434005971 0.0752427370882222 0.359246491394979 0.567705446679784 0.458504234772345 0.0488499166618746
2500 2 1 0.475851462813809 1.08859548895008 0.894982558032779 0.0514901826756639 0.394983873356041 0.647373151353815 0.529117149977504 0.028243480145588
30 3 1 0.549888413424084 1.08153179288264 1.03970805941736 0.533724630184599 0.285526268961206 0.879697976919523 0.603825351795214 0.578959838261385
50 3 1 0.466479798717415 0.983526796071639 1.03460411257366 0.317746273911419 0.225921378548644 0.50669536041004 0.427593598607432 0.24074452416275
100 3 1 0.371372705827646 1.01929119975169 1.05687047200075 0.228994703729551 0.191067308943575 0.502301662024122 0.422031534586765 0.129817754541713
250 3 1 0.316375968708587 0.834346145569378 0.935609064185665 0.127997370703605 0.197514024144192 0.456982425080301 0.45559941196722 0.0843808921506216
500 3 1 0.242396950611278 0.810501807331512 0.910577030173225 0.10051428735541 0.157335935739539 0.411227575430987 0.379994139640314 0.0435117201319979
1000 3 1 0.227532915724625 0.916886784653798 0.949615458675418 0.063239607137892 0.153960212069791 0.468551876749319 0.431586508295889 0.02813824785996
2500 3 1 0.209199528431091 0.946168021884838 0.94687597454538 0.0435830592853101 0.157383678131705 0.445749546249809 0.384850345144803 0.0235803384722484
30 4 1 0.684609034645375 1.24926456377258 1.22342235296425 0.628221126541632 0.484089488514398 0.782850954028001 0.544172233111534 0.630772370292828
50 4 1 0.477717538214862 1.01186376065294 1.0826354417449 0.328902623382378 0.256346331259859 0.533940786058921 0.415572581893915 0.176189454959857
100 4 1 0.367688921538444 0.972744839670464 1.05052251635181 0.240838908034639 0.250688060119701 0.563699997045389 0.429703938270349 0.16708469413839
250 4 1 0.241722501918089 0.902547685073511 0.983156116278646 0.143108285430175 0.122599720901868 0.361115070719966 0.370291195552079 0.064444678522244
500 4 1 0.211902676185464 0.865651528979569 0.992942229568235 0.0949596010500765 0.106428365915325 0.393566683009735 0.402743394091148 0.0472493263173993
1000 4 1 0.164287114737444 0.881016090082335 1.05387796243985 0.0702048916217466 0.0836947632498735 0.36117257903483 0.463330362203076 0.0337390631351133
2500 4 1 0.171870408404834 0.896424930342378 1.00941827454867 0.0442096439020721 0.120645603523923 0.361919343304391 0.416177341751823 0.0260994015412037
30 5 1 0.766025226299463 1.29689069993859 1.1932339269985 0.63888577203877 0.434424401843346 0.819543771888563 0.496616510294207 0.611311062241579
50 5 1 0.514924916423883 1.18658585652835 1.12716882428525 0.419332340183393 0.331955568574774 0.670360118445837 0.486740332599027 0.347355520567382
100 5 1 0.343232680054255 0.997359978510035 1.05344484228726 0.261397836172922 0.158931799095153 0.415710136852587 0.447397006573992 0.191949054687339
250 5 1 0.225607965235461 0.917690203990795 1.01397828905065 0.154765049636109 0.0940412309206357 0.41623972378171 0.410211160067237 0.080383078248725
500 5 1 0.170884948810218 0.906748017533153 1.04416354440574 0.102955557356323 0.0801120974576352 0.363768709000563 0.414096163644201 0.0547159167154817
1000 5 1 0.150984498850497 0.906303113525945 1.04264507746454 0.079308574501644 0.0831172749426605 0.366002659617994 0.448998660205012 0.0379507893690534
2500 5 1 0.11845512171435 0.905438237716852 1.03254105097909 0.0459536208447983 0.075616323815261 0.368107716233033 0.431905939961831 0.0216598302345049
30 2 2 0.601741729691068 1.69211396922777 0.761040228861012 0.731551664950768 0.302809607723707 3.28797122388382 0.377150761171855 0.525627995117969
50 2 2 0.605704575318125 1.38907684260072 0.884366730057175 0.440261113404206 0.287459147132187 0.682398133214806 0.364086777419876 0.227496089305916
100 2 2 0.555023888663069 1.13191844928982 0.769451528756283 0.30921020674858 0.266140818071428 0.526553130701989 0.348256907523506 0.15007605396694
250 2 2 0.558118214199539 1.13199782421766 0.808114429624249 0.176428450277628 0.301612556968276 0.495778494683972 0.360324040392677 0.0832198624631229
500 2 2 0.596439601638388 1.1259782905196 0.871805019951104 0.117221391773498 0.279394368996084 0.490940897329426 0.392821925917659 0.0564081634731071
1000 2 2 0.540277964641911 0.963704851940893 0.751477103008202 0.0919947805500874 0.332246274274993 0.446419952124223 0.363201429201848 0.0414844139803926
2500 2 2 0.591658559706342 1.13374598977919 0.829086438710924 0.055849255740145 0.299679247191174 0.466488001525814 0.385450121950258 0.0233646841818388
30 3 2 0.667098433954197 1.12871280309732 1.00321492151313 0.514044867631483 0.373450078192872 0.684027453826728 0.341562484659103 0.284663398457649
50 3 2 0.540195487558894 1.010242827108 1.01953347063237 0.369575744431525 0.21685197263701 0.585324071700101 0.413023978704965 0.249477724259689
100 3 2 0.405436044734187 0.985558474967473 0.974694315466068 0.217128221244653 0.135968709364716 0.389757450421434 0.338635753331842 0.110817881406897
250 3 2 0.332370957776394 0.907464519209385 0.976216341955571 0.133291441175925 0.133459581893188 0.392140347935291 0.352487707757263 0.0567341975857031
500 3 2 0.309382296422921 0.890625828823103 0.967133447393455 0.0945949587048557 0.145386553174057 0.386274007607191 0.350252131595896 0.0544898811220162
1000 3 2 0.316245880799829 0.890173059413081 1.02103387207188 0.0668074584857851 0.15185481825264 0.327212993785976 0.347490364277509 0.0283004757618922
2500 3 2 0.288920829755715 0.86055716620199 0.914993790099258 0.043124580408093 0.150063549685871 0.360057183136945 0.317496988692161 0.0180902792091796
30 4 2 0.610707857706458 1.11858206230996 1.22788511660116 0.757380465214347 0.265682493451847 0.554016590617778 0.522129133669359 1.13387020507495
50 4 2 0.512840869365116 1.01049772374466 1.0949842954522 0.361580534647458 0.327840952533359 0.581118808809641 0.410950382670823 0.216435188653668
100 4 2 0.360328698249724 0.934850988119032 0.973388197764525 0.236443047914105 0.11731269526427 0.364517121095033 0.336585988986552 0.152845814189225
250 4 2 0.276192464183346 0.95492931207052 1.03252372999841 0.145376691428337 0.100698776991342 0.357966465078058 0.363307170850372 0.082388798183351
500 4 2 0.238898840170938 0.906097356564889 1.0166687645006 0.096767131641603 0.108945420053404 0.323323634572823 0.337968932718587 0.0383636964223573
1000 4 2 0.229353630802678 0.816301575537089 0.966426978849283 0.065061211361467 0.123819142625264 0.275408155982709 0.367439499816074 0.0281214980624823
2500 4 2 0.222234891489049 0.835895835369483 0.979872630883257 0.0410147802220029 0.116723655705884 0.321248336262143 0.350434933357464 0.0180513824256693
30 5 2 0.66061680170452 1.34573065278957 1.20752560769608 0.783259962058824 0.273010937309754 0.617920392961695 0.416718980821724 0.793183518343591
50 5 2 0.541551526573898 0.986576172940575 1.01630562813664 0.414358081909213 0.300809053836651 0.518595375400416 0.328559347439659 0.407742498746747
100 5 2 0.377979602079837 0.953244884376643 1.01942252766496 0.228523428106521 0.169209720719775 0.386113266107119 0.310080243992136 0.124740982414981
250 5 2 0.264451573560401 0.936507309013255 0.998182418352264 0.15850748332165 0.101151189567249 0.332368212055946 0.397565210613013 0.0834067302577849
500 5 2 0.230864925494597 0.921761868704719 0.990482744497831 0.100138571391017 0.171066407265331 0.359075816849328 0.331158446472353 0.0466074168056552
1000 5 2 0.204881754269513 0.827026489107932 0.930547817140787 0.0667705707753156 0.0911286775475853 0.309004078344826 0.293184490900676 0.0311751424663859
2500 5 2 0.175490801757078 0.876511634837439 1.00683414185506 0.0469570944074202 0.0797467524239382 0.323093527012071 0.381288828931031 0.0227121374192753
30 2 3 0.648032506600059 1.70910669332766 0.757332706938537 0.750787980998709 0.270706924409046 1.40873174652497 0.297063482737584 0.558590661108029
50 2 3 0.714425007262463 1.35610089898083 0.85415935409978 0.506515118255989 0.311069243881473 0.599619253001753 0.343616712850621 0.275777418464771
100 2 3 0.644396807412362 1.15459427579691 0.806706522830854 0.332794907934604 0.225913178800692 0.482233547920485 0.293589455040476 0.148145272589157
250 2 3 0.633510418406889 1.10861531197263 0.782024247734253 0.198510914492108 0.276274988521532 0.409082664056822 0.296654248557345 0.090623686999648
500 2 3 0.620254689020464 1.10545000549592 0.789708776994692 0.125956325142756 0.294566257765206 0.466545466402589 0.31319792647096 0.0493874163272337
1000 2 3 0.653809865047504 1.05649988624948 0.833199875557871 0.0863752541139881 0.249041598765671 0.400164002997553 0.275532183425873 0.0367369489433828
2500 2 3 0.590294838625925 1.07884646923709 0.764385652744358 0.0543043267934606 0.256350455791963 0.413895135573953 0.302604272256667 0.0200720389493667
30 3 3 0.650273819923088 1.08786148601805 1.08308348173066 1.03455704054887 0.246371394899225 0.508323669625018 0.385895045421494 4.25033032822117
50 3 3 0.523999023390449 0.998074867710265 1.02188263170937 0.432676403252908 0.189234526091577 0.374437162871964 0.305436696576396 0.360459126343254
100 3 3 0.411539017921944 0.960914690317258 0.967295703846541 0.242053429983727 0.173368108189472 0.342397732732805 0.299669668809423 0.132861689739965
250 3 3 0.369390284650476 0.880760899831227 0.95803743637514 0.140935860103847 0.143765532060003 0.352179479576217 0.29984544960388 0.0616951244961345
500 3 3 0.364378074838113 0.979788557967579 1.00752353342711 0.102351419682596 0.115228652987803 0.348854293569548 0.299596858744865 0.045188020566547
1000 3 3 0.322585079075473 0.960152700905589 0.969211541755764 0.071882496297922 0.113965436815108 0.371217209549407 0.300455515497096 0.0294188550807146
2500 3 3 0.316607890012771 0.869721304596935 0.924783625431657 0.0465692028252841 0.146819627388002 0.336153029839404 0.311913157730972 0.0221099037951272
30 4 3 0.651516665216119 1.0500924289153 1.14643429274678 1.03626136078633 0.271003505676431 0.42180252882447 0.522283500200094 2.29661067182488
50 4 3 0.524707434062521 1.0778918375404 1.0309249194493 0.37737709668787 0.22585854103253 0.543011136614627 0.356319002080447 0.208743691010348
100 4 3 0.378048136947968 0.935175246109255 0.990978150954504 0.238442980985632 0.154183565867451 0.325181838621136 0.311620223005275 0.140186364270102
250 4 3 0.293296828463184 0.8857205528173 0.923227736595317 0.147812810138882 0.106613861818105 0.294560753499533 0.290878016381808 0.0654753756641927
500 4 3 0.279249247595019 0.849576708697751 1.04421996817014 0.0915650481928565 0.102268004159558 0.268712086520537 0.293955782588953 0.0343361914409963
1000 4 3 0.263189744498886 0.832254494206178 0.920257730309552 0.0698959831008469 0.111279915778484 0.313896375377124 0.279721619049346 0.0315681939699777
2500 4 3 0.272856489610515 0.906288889040179 0.977566148527065 0.0419927528115603 0.119831044213896 0.279540387885271 0.27829404441329 0.0177309635271732
30 5 3 0.636918777735069 1.19124771514224 1.11881041943353 0.844467728463292 0.296609287079875 0.541849161299559 0.351934344085451 1.45019541139927
50 5 3 0.526153575217423 1.06372930141007 0.99910380013255 0.480915328805471 0.189975398574671 0.449515781237644 0.297233644714405 0.441180564551805
100 5 3 0.37533004706311 0.900403660968915 0.975085984668545 0.251414038060177 0.124989414945574 0.309613927794588 0.305480574737735 0.156932669083852
250 5 3 0.280263624357917 0.842627554028748 0.870920647534913 0.133602974291301 0.0981111145476219 0.262026186036336 0.210510070301853 0.0632799768556466
500 5 3 0.259225156251373 0.825647053166023 0.929183289695749 0.096641039814169 0.0959132679578261 0.304092788889983 0.280589835695092 0.0471410966902474
1000 5 3 0.251647271144388 0.800112614466552 0.88988029895545 0.06573946602631 0.11757936001 0.245242710785112 0.26655029295819 0.0312139436381128
2500 5 3 0.219736686051522 0.827751037837532 0.89416635843232 0.0430303825109229 0.0927216870441593 0.285188120260341 0.235628083491073 0.0202488543246631
