"N" "k" "p" "BiasMtoM" "BiasMtoA" "BiasAtoM" "BiasAtoA" "stdMtoM" "stdMtoA" "stdAtoM" "stdAtoA"
30 2 1 0.477391123507117 2.0268867162934 2.18195337678419 0.668603151545284 0.277773088659846 0.428784443946715 0.732309988997465 0.570293535543084
50 2 1 0.369970863542948 1.88469957462901 2.04317374638787 0.445833087494091 0.267178941042111 0.386238126080772 0.409335683168548 0.292181167839334
100 2 1 0.229233658763784 1.8812950600234 1.89840590617463 0.296770331971249 0.135781998939354 0.198326527706343 0.298646644970319 0.210435688796714
250 2 1 0.153857068320349 1.84084159086943 1.87925652576255 0.202316895438389 0.0906808917460025 0.132375630680065 0.181017170826017 0.122395248822809
500 2 1 0.107703855587272 1.81071850519499 1.81064159191368 0.117055419417543 0.0620735357345477 0.096788053294015 0.105599884213029 0.074077130475354
1000 2 1 0.0768170021596229 1.82037262498921 1.81561667638914 0.0973462997286577 0.045608821605575 0.067648050597736 0.084101675992473 0.0564886121407903
2500 2 1 0.0444842892730422 1.79485340171197 1.798914318505 0.0557757762988232 0.0251983339281915 0.0412545422639763 0.0517649573767798 0.0323210880785426
30 3 1 0.627751296153482 0.762384263760508 0.946239226787616 0.377065358532594 0.393045725676413 0.2987167425048 0.351664310103855 0.181270183578354
50 3 1 0.511668362488975 0.699355818522378 0.798566474888727 0.287740998014456 0.338970385852144 0.211648962597904 0.300510663424014 0.139115430003971
100 3 1 0.335114441070992 0.630886826940627 0.785399250083538 0.205555452891576 0.255685434995972 0.135042888038922 0.190012528560604 0.103962513226377
250 3 1 0.345771789519079 0.647292667981914 0.768633320294999 0.12000710748562 0.303601543500478 0.0921550237399535 0.2081080604757 0.060564026100005
500 3 1 0.265295392731569 0.650260756615931 0.75897619295726 0.0935468830140183 0.381433551637996 0.0681333948754946 0.170705343558759 0.0479015913256732
1000 3 1 0.198435799063314 0.655369886326456 0.776862218717414 0.0594657160709821 0.220198365250536 0.0477925364916951 0.158935206050978 0.0272200981852132
2500 3 1 0.176315935846616 0.648962207062855 0.768569257093043 0.0417372022294438 0.250522890234664 0.0309135449517712 0.129662338578594 0.0208270798959639
30 4 1 1.4467755637397 0.61552919139543 1.54007678074158 0.616483291268626 3.79380446793899 0.268412742174741 1.68917382524304 0.637206388604252
50 4 1 0.580956239756011 0.581102449741095 0.8240626328059 0.356950711004085 0.405262228842414 0.202735986003016 0.377953336604464 0.180449625236125
100 4 1 0.423140089649989 0.501185234517801 0.72245411849627 0.254536368478058 0.265719767284673 0.14663896964516 0.246420804773671 0.134997236706573
250 4 1 0.259521105732113 0.507002135708884 0.706541234951249 0.139819495780493 0.198927731213885 0.117227879807472 0.240562010898129 0.0697701452701635
500 4 1 0.30888163138434 0.494804419356387 0.673406565862974 0.106348948793185 0.277798888569646 0.0779127454584572 0.219863810193514 0.0522358592289192
1000 4 1 0.207288542715775 0.48725927013952 0.66566822914622 0.0776477494393969 0.251560168845234 0.0550673892974936 0.131488961203043 0.0353508131549613
2500 4 1 0.216554868438526 0.487859108845983 0.673630660050644 0.0436811518513231 0.324799867751326 0.0307110965051705 0.215691711848252 0.0195775647775514
30 5 1 2.08197017716624 1.43906693225448 1.61313486879686 0.60486716879887 2.78665487090586 0.840762265317904 1.32897049276698 0.551813884207469
50 5 1 0.957658286944602 1.14329594599492 1.04965643795834 0.376495284923265 0.792609501204986 0.416475387756424 0.541397554370522 0.246163680611212
100 5 1 0.586097348820039 1.06565264390782 0.957383660041337 0.229831374847096 0.363262080958553 0.343811443422553 0.223644166915621 0.109490368504185
250 5 1 0.40844702779549 1.00219464866124 0.928912096330603 0.154423879233604 0.326569925342604 0.19049930235821 0.27198180824612 0.069597720949351
500 5 1 0.302450685806632 0.974798133524468 0.838472960458076 0.0955425574991768 0.261618810555907 0.133610887179745 0.112577366809987 0.042596489096602
1000 5 1 0.291177871941374 0.963084083960712 0.905044850581594 0.0767099192342188 0.319707664995246 0.0851266279251144 0.293591054773064 0.0292547276655137
2500 5 1 0.232413290136275 0.972678604917798 0.875945679969607 0.0466944274281684 0.339175553150206 0.0510752760359857 0.175319784551832 0.0184485447439069
30 2 2 5.08583239938169 4.65105294364589 1.49276732253892 0.542264873293494 12.3494715792527 7.68716139179507 0.33576563520089 0.305728825241069
50 2 2 1.80232443132695 2.57552496001339 1.476246019471 0.37167814988645 6.65396023678282 4.47818348337013 0.247992874866162 0.188270063387705
100 2 2 0.526328299236006 1.63482035265671 1.41844996837907 0.23539513266094 0.34293743122666 0.466832848342909 0.160093330406174 0.113949907538624
250 2 2 0.302015033755895 1.46677693049106 1.38093027011525 0.167245683593608 0.214887557245122 0.298786329862263 0.120289898979163 0.0794621470875693
500 2 2 0.189375411796871 1.39193533883557 1.36878605269252 0.103212486807963 0.0905312614755475 0.150170379593463 0.0710712951308553 0.048166078444193
1000 2 2 0.146340058859059 1.39347412327804 1.36064737267581 0.0743149959116658 0.0948473432174724 0.140644334949856 0.0518224416697563 0.0340008489158373
2500 2 2 0.0883495327305022 1.37116961197082 1.36301050749584 0.05055848828124 0.042875852521909 0.0753476624568487 0.0372052745561801 0.0231261695045365
30 3 2 1.02076198658091 1.28849759930176 1.65024642257424 0.451574207094436 1.29548151553326 0.491076982060351 1.05348296880393 0.244676791295488
50 3 2 0.655947774719635 1.223887953873 1.49918478927298 0.351621262279191 0.30843415867066 0.206848248285138 0.703231757971993 0.174963608726026
100 3 2 0.476865244408751 1.18199843622599 1.30496560531696 0.240319044000204 0.247282424168789 0.135305395554109 0.347356902638362 0.109566082149791
250 3 2 0.367811630686962 1.15141883526656 1.2261475189806 0.132715275505428 0.359910097304287 0.0882773175697811 0.345417729918049 0.0622016469212366
500 3 2 0.294798564769436 1.14056346048584 1.22224930239015 0.0954608733293263 0.270655075817251 0.0675120010872372 0.274576550354043 0.0428673304211523
1000 3 2 0.277296441175441 1.13459578785763 1.15853925033953 0.0644637359286271 0.298035869020889 0.040575117972874 0.215720708745771 0.0271516894153695
2500 3 2 0.261856692570831 1.13476643915395 1.14213348739413 0.0383744771514884 0.355407227966357 0.0264804225286534 0.183158061908924 0.0169049958939418
30 4 2 0.980647817515278 0.999852027790435 1.53467463752124 0.641538167195574 0.696848842194375 0.362194721725121 2.40746200553232 0.542449014017246
50 4 2 0.704471432199354 0.919853047193875 1.04926871584968 0.442576578997986 0.354411138993828 0.156680620871073 0.747759369110059 0.262406228248056
100 4 2 0.50038797057392 0.877037302292736 1.07683343462141 0.280828720652064 0.220687056153821 0.11679495938836 0.63058833468581 0.133505017067675
250 4 2 0.408596134728065 0.863191201497937 1.02854714377002 0.164920863972927 0.392444778111377 0.0779370491366382 0.564035609303421 0.0615344654694539
500 4 2 0.326299168964952 0.857162958564996 0.957220932581643 0.123135504203465 0.297414665986414 0.0502648697830152 0.477495563267702 0.0499279980098659
1000 4 2 0.283716750264794 0.85379822165787 1.00259962118216 0.0892584760276828 0.296565746552341 0.0369414815137264 0.549180776426212 0.0362843697344428
2500 4 2 0.265137606229376 0.850049561380709 0.878196963241389 0.0538222724495822 0.300402696670915 0.0214696317434979 0.414976001845367 0.0233721686221381
30 5 2 1.65909965729589 0.98225742331569 1.54558906624919 0.748168082187751 3.62474999982135 0.477959481731176 1.16957630832998 0.746599066933929
50 5 2 0.668755165835711 0.858222793897071 1.25235937195 0.396932370139871 0.271099596511388 0.164217374387565 1.84865231538646 0.346433060653038
100 5 2 0.512305382280111 0.827792943566913 1.02656346028351 0.261921231489306 0.254834245962858 0.139677487015963 0.261774646623884 0.13853635638808
250 5 2 0.357625366777815 0.793443370017412 0.937840155195028 0.167048139008612 0.229518287098955 0.0790645537522476 0.227356431384021 0.0713016252118073
500 5 2 0.279934478378031 0.783431833629636 0.923219868052807 0.104832733292606 0.238448709149565 0.0560079290747968 0.157578706204333 0.0453228972736066
1000 5 2 0.237342421696596 0.776805481709925 0.912158098982008 0.0759857296203751 0.27023294971741 0.0432408965872721 0.160077180768382 0.0320338073284204
2500 5 2 0.194031173809292 0.772589273911304 0.930648646005257 0.0466648231623572 0.243444406625235 0.025007379790365 0.125052670331366 0.019088639541928
30 2 3 0.718497424762382 0.840358168806383 0.693844728656229 0.612285924705631 0.512120680853323 0.556835030635919 0.335944150327179 0.374251500819295
50 2 3 0.472495219562911 0.625698169588222 0.513347933168295 0.443491229430965 0.218303354064746 0.292473161066892 0.186896793618925 0.202284205679838
100 2 3 0.288071379707952 0.473041140985106 0.415377102518987 0.267836145606897 0.11830118696336 0.162273954639801 0.150516122795913 0.117230137034213
250 2 3 0.167645317516078 0.408235030465014 0.384734495537931 0.154823576213469 0.0660951251105464 0.109259256751585 0.0877525989540224 0.0662775739400516
500 2 3 0.119324793933086 0.381476884984735 0.379807423900155 0.124059469131083 0.0541932948734817 0.0686509564206857 0.0769538619406861 0.0492304430281416
1000 2 3 0.0869509455283956 0.378431837213136 0.374371169478793 0.083806471971576 0.0361433190174688 0.0554996582528505 0.0485734722962075 0.0373281832099528
2500 2 3 0.0553612147393527 0.365243810656513 0.366034531642304 0.0510704834777254 0.0233257147011302 0.0345799361107183 0.0339695795000141 0.0200458762530633
30 3 3 2.30327792262781 1.02927311018202 2.08551035881486 0.650875415305945 6.36849914889866 0.464157239303255 3.00904858127496 0.513467736413514
50 3 3 1.31800132353995 0.878612313987564 1.21524529557879 0.404435068809786 5.47851582641578 0.283362966830437 0.469785262917234 0.211473224515615
100 3 3 0.49547628136192 0.80409109798795 1.01649430792585 0.258751006007397 0.222280314718096 0.130288033652508 0.320885131631371 0.0997600110315813
250 3 3 0.416478311487096 0.76191885657425 1.05402165255574 0.161364007269894 0.289341541325475 0.0901007996885293 0.507565014524355 0.065995220673089
500 3 3 0.30630182863719 0.757478237251664 0.939029773685697 0.110083722584468 0.259008359435331 0.0569807732894169 0.249715778353988 0.0397743655322011
1000 3 3 0.266600388201771 0.763203044822619 0.919460008281054 0.0799792546364269 0.271768676569668 0.0399807926037427 0.254587576661064 0.0349986152273197
2500 3 3 0.224959405978197 0.753177681888481 0.955730037327225 0.0459692757846107 0.284112363528191 0.0228320923208163 0.175961255945859 0.0172238383510401
30 4 3 3.17681713740929 1.48637109782277 2.39387321589577 0.777300658453028 5.25404330576221 0.886450726514685 3.81021296703441 0.822257293661867
50 4 3 1.71477525318959 1.10450912060314 1.39468591943357 0.492303103411875 3.02869986928256 0.582544760004417 2.10732603814512 0.551120938790527
100 4 3 0.790172044772787 0.947165708367855 0.950787834615691 0.241850510049608 0.83541737017194 0.324743397796713 0.33506256570701 0.104697173172304
250 4 3 0.417251457906703 0.867692819713002 0.878620692373979 0.144940532763538 0.254942885588878 0.0738370719291189 0.251282022332328 0.0652354986922156
500 4 3 0.326283688321318 0.871154562687925 0.889724231675595 0.102572259073174 0.270054148875436 0.0497838532200107 0.213407512458352 0.0452643458980417
1000 4 3 0.303724188515491 0.859376316951447 0.891102908174504 0.0695628310212389 0.297004754046149 0.0357304282611827 0.229623840216503 0.0267014131117223
2500 4 3 0.23647833941064 0.861655194013883 0.900781778572777 0.0436356832221729 0.243197353023934 0.0221730252599558 0.275341533402169 0.0186426816632938
30 5 3 3.28675783402832 1.96247524326423 2.47263435532962 0.80788287623686 3.52989329177078 1.13934318252679 2.93245327449718 0.752411734370663
50 5 3 1.79715335574457 1.30400394595328 1.51250408158389 0.50152974745452 2.63961128719306 0.663460608526157 1.68973902649529 0.452776320028422
100 5 3 0.763590779754559 1.05697172406406 0.983656999830798 0.284806800259935 0.656932381235879 0.385930148214335 0.338134715037346 0.129602360353391
250 5 3 0.44261653298182 0.982757937504963 0.861818440919967 0.164670038618997 0.19656418639143 0.0923393824836999 0.198567120914017 0.0635116741573877
500 5 3 0.32780371131557 0.972007890572335 0.893398247072754 0.107126002764115 0.211375133900272 0.0585917037841739 0.259903117851749 0.0370543531305326
1000 5 3 0.279126133176797 0.96909957146177 0.864002486056489 0.078126979436979 0.237880487756955 0.0409589502822899 0.216271337091023 0.0398065376083575
2500 5 3 0.255717756928115 0.962854410156932 0.872060828665213 0.0480810059377814 0.25808994052507 0.0281324687074034 0.176843848238075 0.0222964312866128
