"N" "k" "p" "BiasMtoM" "BiasMtoA" "BiasAtoM" "BiasAtoA" "stdMtoM" "stdMtoA" "stdAtoM" "stdAtoA"
30 2 1 0.74472852192392 1.36431915242755 1.23973940648679 0.514463760657011 1.88468066741098 1.7168808201377 0.796520459243949 0.452036906255197
50 2 1 0.414037032696163 1.17345180107569 1.06811491481992 0.325854306333654 0.409050625612475 0.759023892831051 0.587121479082754 0.207096601050746
100 2 1 0.268728124292511 1.22873283433217 1.24003634933644 0.261605113813913 0.151384017158845 0.668153692165408 0.651932737358316 0.163982615286967
250 2 1 0.147611922307093 0.983330967100655 0.958868352430953 0.144061285528814 0.106540436751627 0.528153783327509 0.49915629390057 0.0799349940733639
500 2 1 0.131824206128657 1.03475359066155 1.02988456759808 0.122874272867637 0.0826493351606837 0.600022271292828 0.561763064683054 0.0721412049781175
1000 2 1 0.0813868360848691 1.07807189350522 1.0920203506418 0.0728293556042661 0.0438607721795082 0.553697235843444 0.55554378651655 0.0412997432909276
2500 2 1 0.0542625692275715 1.17648271356885 1.17255519239996 0.0437641711825236 0.027202436675188 0.610249251751414 0.620976017979959 0.030063818174012
30 3 1 2.60565364620327 1.22782082772827 1.31817658229043 0.510223845046916 15.2707543035559 1.04532032652034 0.824222459691309 0.508691378852146
50 3 1 0.665169168996472 0.989911976386951 1.05825663112021 0.306526730989821 0.862115977515192 0.632270419095223 0.571952350198165 0.208029100042699
100 3 1 0.395472857272707 1.02868979000426 1.24307116272122 0.219118709280497 0.267180038468 0.547981329267779 0.756398082614937 0.155663106240932
250 3 1 0.291558523291448 1.01423578784942 1.10123182806013 0.118828527242522 0.232710799233077 0.442042081694854 0.510541443951327 0.0560813711987224
500 3 1 0.285193437051245 0.936310648470621 1.06706477531223 0.0965904857832808 0.276333696517934 0.422976631584558 0.542202353051199 0.0506826339984668
1000 3 1 0.151772892037279 0.861373358676972 1.02410295866065 0.0663995007245244 0.203088868097209 0.391568620082754 0.731414738082407 0.0304455502946166
2500 3 1 0.153776937022205 0.945114571819758 0.983373592392464 0.0403422965079775 0.259416828559899 0.5043907280833 0.447401649286603 0.0209361062941468
30 4 1 1.77924495801248 1.3138829835796 2.27230749989831 0.581627888851209 2.54342369183597 0.768225925141251 8.95620532015081 0.974128700617314
50 4 1 1.24766944570064 1.05360840823123 1.15078337980858 0.345527763666439 2.00398227067595 0.54525427125959 0.758719707634032 0.328981734386216
100 4 1 0.653118334065101 0.970381850552842 1.11315477174511 0.214860405510847 0.928070406421647 0.481866704650485 0.549037682803779 0.12470560329695
250 4 1 0.330822571711025 0.97942737388972 1.05705489110585 0.137356323796901 0.234776459382907 0.425503419746742 0.519064468162345 0.0744010214888551
500 4 1 0.319273030729113 0.937276346625844 1.07000421201798 0.105291575841513 0.308757267843381 0.377250604335038 0.600957571986158 0.0486601438850997
1000 4 1 0.26050995280962 0.943670614812998 1.13274306386632 0.0657745169169432 0.272353359810361 0.410681537597809 0.668697138064854 0.0377155562643851
2500 4 1 0.184796062225882 0.861698380301234 1.00161647856104 0.0412074650692327 0.272053762872338 0.343996882232158 0.548107818939266 0.0184566798981157
30 5 1 2.45918405231691 1.30088233560289 2.21501726726409 0.86317630101988 2.84732813513091 0.738836093212684 3.6044345039523 1.22172417589894
50 5 1 1.47435460513453 1.26504134470433 1.54842971506876 0.407876265617592 1.92291773748102 0.817869904463641 1.67971727047255 0.332026704172632
100 5 1 0.666873123428425 0.921390543755297 1.19859196081164 0.241227347714078 0.700665564670074 0.467992453277735 0.750106837562707 0.150875834342562
250 5 1 0.366031521318192 0.888703238286684 1.11915718358546 0.147788469643755 0.337880266543409 0.422770981720636 0.632733561264775 0.0813046154564718
500 5 1 0.31881743052348 0.894434144321983 1.11775826836812 0.109136422440677 0.245646492665265 0.386077724546889 0.619987002423785 0.0687207177893158
1000 5 1 0.263989396881161 0.920089551340786 1.18176522258886 0.074570581372983 0.264326588748976 0.402093956859239 0.66084342995457 0.0377374733701944
2500 5 1 0.220747212199305 0.870709396822276 1.0623482555424 0.0452028470103673 0.267514723481646 0.371454414350787 0.51297357180507 0.0197958513523405
30 2 2 0.895051462802909 2.5257146580358 1.2125420667864 0.605686939776015 2.56208490928848 12.9986273304063 0.627520504508318 0.418584169782874
50 2 2 0.56047806978647 1.3725931825013 1.28303235712286 0.437771756170938 0.621553101493338 0.959896103989939 0.599022375200576 0.235129380718942
100 2 2 0.291584302703224 1.14229942056874 1.20143610141472 0.288044257677756 0.16076024573947 0.475524030915251 0.483913485965679 0.126476571630277
250 2 2 0.174390359226234 1.10872985601706 1.08263253871044 0.174445967013927 0.0918919924145613 0.52529846107071 0.487763896416256 0.0992819003621123
500 2 2 0.140641056425479 1.12977818383991 1.11123994024464 0.121868565357833 0.0650087808344827 0.485882013658859 0.47570853407963 0.0538488309084637
1000 2 2 0.10060464741067 1.1304502293185 1.11760095297114 0.0835741467881681 0.0496409758689304 0.542743748625857 0.533584904440349 0.0404990875850437
2500 2 2 0.0604579289706541 1.01129164176976 1.00918663524681 0.0546093837458842 0.0344700489495419 0.451988935372312 0.450161337599658 0.0232626304504106
30 3 2 1.59309696693365 1.20554421047125 1.48538107573593 0.577122412174318 2.94989064543309 0.758431879096631 1.23602131872859 0.486417334495485
50 3 2 1.34978929110686 1.05169753040872 1.23054672535492 0.359767410709047 6.88508058871299 0.476220738627666 0.775301733203524 0.228495173757315
100 3 2 0.539957307963607 0.948371438764707 1.09006627347475 0.228381558058602 0.341473711095796 0.371728649142659 0.488335523276972 0.107056708012137
250 3 2 0.33003277251657 0.931792457817482 1.08754683281609 0.136336583408859 0.216632544000072 0.399267160094412 0.518001218975424 0.0605518294298249
500 3 2 0.293024702116701 0.958455568958082 0.981486863723322 0.0982159370040171 0.305019490960646 0.382747650092046 0.377976374814578 0.0469222225671969
1000 3 2 0.236169900960342 0.918887508921058 1.02842451600307 0.0707652987445375 0.255826969183206 0.404002342993841 0.47337653398812 0.0372675760984558
2500 3 2 0.201724023308842 0.929154349224468 1.08863688329981 0.0479814430846995 0.269841749853119 0.339374171334818 0.612164778723382 0.0207085628757604
30 4 2 1.61898476979588 1.31600236932509 1.83733254875832 0.607207246975172 3.27979754884971 2.84381452652083 2.40959113594653 0.493457018527043
50 4 2 1.32523410013135 1.06280771129129 1.2220400648785 0.385570583571462 2.57423841244022 0.49855409883453 0.853578679084941 0.298642595598902
100 4 2 0.60656663051118 0.894445006564989 1.13620041419616 0.227812928708947 0.558665049081896 0.412849495330832 0.52583217465243 0.128688924687604
250 4 2 0.405747251371039 0.83991979249031 0.995846489909955 0.139372481078149 0.28161378152503 0.308861602011105 0.475931554840139 0.0787923345826731
500 4 2 0.329783536162144 0.839778674427036 1.0504669808443 0.094294942467725 0.227610512120205 0.366949139072606 0.55064873451832 0.0598761140400883
1000 4 2 0.350165818963037 0.868796475554927 1.08520657949795 0.0688212415033185 0.362566460634472 0.321058308805341 0.525304573252674 0.0301159449116499
2500 4 2 0.230236671477384 0.834316255323614 0.968539530271021 0.0395172600992238 0.276270985412501 0.327024322007048 0.391706676933084 0.0182901931693595
30 5 2 2.07772035086724 1.19232121878022 7.05253678587474 0.712043562757156 2.96519247359286 0.678933571171003 42.9317166386891 0.736574410487148
50 5 2 1.03771728039068 1.03312081989337 1.80864357556087 0.470283374959292 0.864970735675063 0.431999994353245 2.17349197916006 0.570141262517012
100 5 2 0.584034465413932 0.924569891696778 1.26937576547162 0.242761507171556 0.380875969089541 0.363010058779905 0.821057885103284 0.178892902778223
250 5 2 0.423125279556552 0.896438214705887 1.13033284376319 0.133231697334541 0.25094356792109 0.321112331275675 0.615613316850303 0.0707739531690739
500 5 2 0.322338271018604 0.825523357163219 1.12588946515121 0.0988235226987987 0.226913204922056 0.288429976189285 0.584213875760286 0.04557038157315
1000 5 2 0.274375883943598 0.884956242067709 1.07278213556462 0.0685193260565716 0.226663793973012 0.305023913173699 0.503077778555708 0.0285753588658965
2500 5 2 0.247324611930501 0.86829361883946 1.11044756637276 0.0440984455365493 0.324730658311272 0.32555094296802 0.485128430015128 0.0200351105866164
30 2 3 1.16655358656725 1.97978434181466 1.40537832077511 0.79243958353492 2.87338927713074 4.81340757686368 0.787610510723091 0.635942475000519
50 2 3 0.568659095141081 1.35865550218739 1.33531423530412 0.556639652697099 0.396269933899392 0.739599390682717 0.966743613256988 0.73306395021106
100 2 3 0.319372312066453 1.18860038607801 1.21282354384615 0.335544956529179 0.139618275431066 0.464124857374103 0.473480132717557 0.171531894413996
250 2 3 0.203201524710248 1.08811735837268 1.08655114991614 0.199359472932212 0.0784198170325342 0.442617321200616 0.473788327393529 0.0939194049523251
500 2 3 0.130348432849755 1.16573307015021 1.15793704016191 0.133519794908656 0.0728481627216641 0.44444036626632 0.438923724488383 0.0570363144192461
1000 2 3 0.102047001332594 1.00855235868628 1.0208734490273 0.0935292087625133 0.0463412435345957 0.426581339778756 0.418167288095617 0.0380093332047025
2500 2 3 0.0653675263608886 1.05765212743804 1.04980439188225 0.06033530772067 0.0306547679722386 0.412755057646581 0.404749816276924 0.0235072825140637
30 3 3 2.27291236107527 1.24638662501953 3.42113697403434 1.08485189195852 4.92272381672467 1.02962999706358 10.3987731731943 2.92894341743024
50 3 3 1.06609996302724 1.05939876044674 1.66372500631063 0.404194653661078 3.34628819892586 0.438518799162033 3.7894799890321 0.25126387226275
100 3 3 0.574488231819432 0.986654683982808 1.07875251866803 0.254583078822611 0.502596031619736 0.562567779763126 0.442329039447017 0.151332423453957
250 3 3 0.365429008400441 0.96281417168166 1.11649993290919 0.154093802282547 0.253990810202056 0.358790034616466 0.535208403245207 0.0755681727732133
500 3 3 0.323175754263249 0.92070261939828 1.10781264251289 0.105538316801587 0.266287520778223 0.327323842922085 0.510414433052814 0.0539433647074852
1000 3 3 0.300256883903737 0.967490185502556 1.11666888330848 0.0749967233456336 0.309381578013828 0.37866974189202 0.508762161586377 0.0329800216601526
2500 3 3 0.279699427302232 0.974844921525655 1.08841464054243 0.0461570513337063 0.297195934855048 0.301375622847343 0.450923965332074 0.0206148543185565
30 4 3 1.91257724170712 1.15693989690615 2.62622994710766 1.0847123762958 2.46654710352776 0.648953726062444 4.16621345163057 2.6573280682771
50 4 3 1.18142514635198 1.00423392486603 1.31676736427598 0.408057181548477 1.53706354360944 0.393922772600119 0.843649603658939 0.286519803906562
100 4 3 0.673094930766004 0.963065591009854 1.07618064218853 0.232953783776644 0.569592896268837 0.393609259808265 0.489135790444608 0.103094835389399
250 4 3 0.436209519991124 0.849086959693512 0.997469193409033 0.148900142727896 0.298357361637702 0.274769841893203 0.338957822993468 0.0798964900416113
500 4 3 0.312233116853907 0.882155532750369 0.967188756904085 0.102796043441627 0.225905642791248 0.30081991125365 0.468425822331544 0.0448285957809129
1000 4 3 0.278188852702792 0.829611539306072 0.995976417708547 0.0648989859360319 0.211741331830427 0.282084699169345 0.398592320916998 0.0274466458759933
2500 4 3 0.282632554916335 0.884129186936795 0.958633353594445 0.0410583293831537 0.273056488075422 0.328675604429957 0.403202482549343 0.017771592206304
30 5 3 2.18272484584787 1.1591270686327 2.89647539370572 1.49007794225997 3.19575984602264 0.481843128683566 3.3680486556201 6.55812759714075
50 5 3 1.57352988529976 1.03486953532073 1.68718215877633 0.44549117359039 1.95202480809347 0.437376072344364 1.91537032777807 0.328427716416539
100 5 3 0.69965311946465 0.908185028114125 1.2579080903914 0.258632231401078 0.499626590411255 0.349243690037672 0.738702866296702 0.198552310360639
250 5 3 0.448313791696758 0.907081319447172 1.03355477276099 0.143115018323737 0.230060497326732 0.331444202858206 0.424786662187431 0.0928576418675284
500 5 3 0.4100606053723 0.832219777440235 1.01882620532457 0.0881744005800002 0.400204149752763 0.293418578504733 0.44369762022725 0.0410148801056397
1000 5 3 0.290884226695261 0.830398723419871 1.04634375803153 0.0676006946159274 0.232941870437283 0.250927418757623 0.421715118939455 0.0276919250909063
2500 5 3 0.31031384838157 0.884520276673422 1.05093238548836 0.046497131384054 0.291269862597171 0.326052309925435 0.496740938906365 0.0217309358623182
